N,density,flux
1,0.001,0
2,0.002,2
3,0.003,4
4,0.004,4
5,0.005,7
6,0.006,9
7,0.007,8
8,0.008,9
9,0.009,0
10,0.01,2
11,0.011,2
12,0.012,0
13,0.013,12
14,0.014,13
15,0.015,16
16,0.016,15
17,0.017,16
18,0.018,17
19,0.019,23
20,0.02,25
21,0.021,23
137,0.137,153
22,0.022,25
23,0.023,25
24,0.024,24
25,0.025,31
26,0.026,32
245,0.245,226
27,0.027,29
138,0.138,155
340,0.34,195
28,0.028,39
29,0.029,35
30,0.03,33
31,0.031,32
32,0.032,31
139,0.139,153
423,0.423,174
33,0.033,49
34,0.034,41
560,0.56,126
35,0.035,43
246,0.246,227
496,0.496,150
36,0.036,43
616,0.616,113
37,0.037,37
140,0.14,156
341,0.341,195
38,0.038,47
39,0.039,44
40,0.04,47
41,0.041,47
141,0.141,153
42,0.042,46
247,0.247,214
43,0.043,54
44,0.044,54
142,0.142,155
424,0.424,168
45,0.045,52
342,0.342,172
46,0.046,47
47,0.047,51
561,0.561,121
48,0.048,48
248,0.248,225
143,0.143,157
497,0.497,131
49,0.049,57
50,0.05,54
617,0.617,101
51,0.051,61
144,0.144,155
52,0.052,57
343,0.343,165
53,0.053,61
249,0.249,199
54,0.054,59
425,0.425,172
145,0.145,156
55,0.055,65
56,0.056,69
57,0.057,70
146,0.146,161
58,0.058,73
562,0.562,128
250,0.25,205
498,0.498,139
344,0.344,214
59,0.059,67
60,0.06,69
147,0.147,156
618,0.618,122
61,0.061,70
62,0.062,73
426,0.426,143
148,0.148,158
251,0.251,232
63,0.063,76
64,0.064,69
345,0.345,209
65,0.065,74
149,0.149,164
66,0.066,79
67,0.067,76
499,0.499,131
563,0.563,119
252,0.252,212
150,0.15,161
68,0.068,83
69,0.069,87
427,0.427,162
346,0.346,196
70,0.07,81
151,0.151,162
619,0.619,104
71,0.071,82
253,0.253,232
72,0.072,81
152,0.152,161
73,0.073,81
74,0.074,88
347,0.347,176
153,0.153,163
500,0.5,128
564,0.564,123
75,0.075,92
254,0.254,200
428,0.428,157
76,0.076,80
77,0.077,97
154,0.154,167
78,0.078,89
620,0.62,105
255,0.255,234
348,0.348,185
79,0.079,96
155,0.155,163
80,0.08,91
81,0.081,90
156,0.156,163
429,0.429,173
501,0.501,128
82,0.082,92
565,0.565,121
256,0.256,197
349,0.349,165
83,0.083,99
157,0.157,169
84,0.084,95
85,0.085,93
158,0.158,171
257,0.257,199
621,0.621,106
86,0.086,105
350,0.35,171
87,0.087,99
430,0.43,149
159,0.159,172
88,0.088,100
566,0.566,130
502,0.502,149
258,0.258,195
89,0.089,105
160,0.16,170
90,0.09,109
351,0.351,178
91,0.091,108
161,0.161,170
92,0.092,107
259,0.259,226
622,0.622,108
431,0.431,155
93,0.093,105
162,0.162,176
503,0.503,117
567,0.567,131
352,0.352,178
94,0.094,108
260,0.26,215
95,0.095,109
163,0.163,167
96,0.096,113
97,0.097,117
353,0.353,193
164,0.164,174
261,0.261,220
98,0.098,120
432,0.432,170
99,0.099,120
165,0.165,178
568,0.568,90
623,0.623,108
504,0.504,144
100,0.1,110
262,0.262,198
354,0.354,202
101,0.101,114
166,0.166,174
102,0.102,122
167,0.167,176
103,0.103,126
433,0.433,181
263,0.263,190
104,0.104,122
355,0.355,205
569,0.569,107
105,0.105,117
624,0.624,113
168,0.168,178
505,0.505,139
106,0.106,120
264,0.264,186
169,0.169,182
107,0.107,131
356,0.356,190
434,0.434,157
108,0.108,127
170,0.17,177
265,0.265,212
109,0.109,127
570,0.57,115
171,0.171,181
110,0.11,131
506,0.506,136
357,0.357,180
625,0.625,109
111,0.111,127
266,0.266,222
172,0.172,181
435,0.435,144
112,0.112,127
113,0.113,133
173,0.173,182
358,0.358,173
267,0.267,224
114,0.114,132
571,0.571,114
174,0.174,183
507,0.507,131
115,0.115,128
436,0.436,174
626,0.626,103
116,0.116,135
175,0.175,186
268,0.268,228
359,0.359,192
117,0.117,135
176,0.176,185
118,0.118,138
269,0.269,201
119,0.119,141
508,0.508,124
572,0.572,115
177,0.177,185
360,0.36,179
437,0.437,153
120,0.12,140
178,0.178,185
270,0.27,200
121,0.121,134
627,0.627,103
122,0.122,140
179,0.179,184
361,0.361,209
123,0.123,144
438,0.438,172
271,0.271,195
509,0.509,134
573,0.573,123
180,0.18,191
124,0.124,140
125,0.125,140
362,0.362,206
181,0.181,187
272,0.272,206
628,0.628,107
126,0.126,139
182,0.182,189
439,0.439,157
127,0.127,140
510,0.51,141
273,0.273,214
363,0.363,190
128,0.128,137
574,0.574,115
183,0.183,191
129,0.129,148
184,0.184,190
130,0.13,145
274,0.274,225
440,0.44,155
364,0.364,189
629,0.629,89
131,0.131,150
185,0.185,190
511,0.511,136
132,0.132,149
275,0.275,203
575,0.575,114
186,0.186,194
133,0.133,147
365,0.365,191
441,0.441,175
134,0.134,144
187,0.187,192
276,0.276,209
135,0.135,146
630,0.63,108
188,0.188,195
512,0.512,141
366,0.366,175
136,0.136,150
277,0.277,193
576,0.576,115
189,0.189,198
442,0.442,162
367,0.367,171
278,0.278,228
190,0.19,195
631,0.631,99
513,0.513,146
191,0.191,199
665,0.665,99
577,0.577,114
443,0.443,141
279,0.279,206
368,0.368,184
192,0.192,198
280,0.28,212
193,0.193,202
514,0.514,128
369,0.369,181
444,0.444,171
632,0.632,104
194,0.194,201
578,0.578,109
281,0.281,176
666,0.666,87
195,0.195,203
370,0.37,179
282,0.282,206
445,0.445,164
196,0.196,203
515,0.515,123
633,0.633,100
579,0.579,121
371,0.371,201
197,0.197,206
283,0.283,201
667,0.667,84
198,0.198,200
446,0.446,157
372,0.372,172
284,0.284,197
516,0.516,147
199,0.199,201
580,0.58,116
634,0.634,93
200,0.2,207
285,0.285,193
373,0.373,180
447,0.447,132
668,0.668,94
201,0.201,208
517,0.517,148
286,0.286,202
374,0.374,179
202,0.202,200
581,0.581,115
635,0.635,100
448,0.448,165
287,0.287,204
203,0.203,203
669,0.669,100
375,0.375,196
518,0.518,127
204,0.204,208
288,0.288,224
582,0.582,113
449,0.449,147
205,0.205,208
636,0.636,105
376,0.376,177
289,0.289,210
206,0.206,204
519,0.519,132
670,0.67,76
377,0.377,168
450,0.45,151
207,0.207,207
290,0.29,214
583,0.583,129
637,0.637,89
208,0.208,208
291,0.291,185
378,0.378,176
520,0.52,117
209,0.209,210
451,0.451,138
671,0.671,78
584,0.584,105
292,0.292,226
210,0.21,211
379,0.379,184
638,0.638,97
211,0.211,210
521,0.521,133
293,0.293,222
452,0.452,157
380,0.38,216
212,0.212,212
585,0.585,126
672,0.672,86
294,0.294,208
213,0.213,219
453,0.453,132
639,0.639,98
381,0.381,179
522,0.522,137
295,0.295,228
214,0.214,218
586,0.586,133
215,0.215,216
382,0.382,192
673,0.673,92
296,0.296,205
454,0.454,154
523,0.523,142
216,0.216,215
640,0.64,92
297,0.297,209
383,0.383,172
217,0.217,218
587,0.587,113
455,0.455,158
674,0.674,81
218,0.218,220
298,0.298,186
524,0.524,145
384,0.384,171
641,0.641,90
219,0.219,218
299,0.299,226
456,0.456,164
588,0.588,127
220,0.22,222
385,0.385,183
525,0.525,141
300,0.3,193
675,0.675,67
221,0.221,222
642,0.642,91
386,0.386,172
457,0.457,159
222,0.222,217
301,0.301,229
589,0.589,104
223,0.223,222
526,0.526,130
387,0.387,164
302,0.302,197
676,0.676,61
458,0.458,128
224,0.224,224
643,0.643,102
590,0.59,115
303,0.303,187
388,0.388,166
225,0.225,218
527,0.527,153
459,0.459,159
226,0.226,225
304,0.304,222
389,0.389,182
677,0.677,90
644,0.644,96
227,0.227,225
591,0.591,104
305,0.305,198
528,0.528,126
460,0.46,166
228,0.228,218
390,0.39,165
306,0.306,196
229,0.229,220
678,0.678,99
592,0.592,120
645,0.645,89
391,0.391,179
461,0.461,135
230,0.23,232
529,0.529,140
307,0.307,206
231,0.231,228
392,0.392,165
308,0.308,203
593,0.593,111
462,0.462,145
679,0.679,75
232,0.232,227
646,0.646,94
530,0.53,137
393,0.393,173
309,0.309,205
233,0.233,231
463,0.463,150
234,0.234,226
594,0.594,122
310,0.31,211
394,0.394,149
647,0.647,96
531,0.531,133
680,0.68,81
235,0.235,216
311,0.311,189
464,0.464,140
395,0.395,171
236,0.236,223
595,0.595,104
312,0.312,233
532,0.532,132
237,0.237,228
648,0.648,75
681,0.681,85
396,0.396,187
465,0.465,151
238,0.238,228
313,0.313,209
596,0.596,101
397,0.397,179
533,0.533,123
239,0.239,229
314,0.314,204
649,0.649,87
466,0.466,153
682,0.682,80
240,0.24,209
398,0.398,183
315,0.315,163
597,0.597,113
241,0.241,228
534,0.534,130
467,0.467,156
650,0.65,96
399,0.399,188
316,0.316,204
242,0.242,231
683,0.683,90
598,0.598,110
243,0.243,231
317,0.317,212
400,0.4,171
535,0.535,125
468,0.468,163
244,0.244,232
651,0.651,98
318,0.318,168
684,0.684,88
401,0.401,167
599,0.599,106
469,0.469,141
536,0.536,119
319,0.319,201
402,0.402,161
652,0.652,89
707,0.707,77
320,0.32,178
685,0.685,81
470,0.47,152
600,0.6,109
537,0.537,107
403,0.403,172
321,0.321,200
653,0.653,82
471,0.471,151
404,0.404,178
322,0.322,190
708,0.708,85
601,0.601,99
686,0.686,87
538,0.538,126
405,0.405,169
323,0.323,189
472,0.472,150
654,0.654,103
602,0.602,110
539,0.539,133
406,0.406,185
687,0.687,74
324,0.324,180
709,0.709,78
473,0.473,151
325,0.325,182
407,0.407,175
655,0.655,93
603,0.603,96
540,0.54,122
688,0.688,74
326,0.326,202
474,0.474,155
408,0.408,176
710,0.71,62
656,0.656,84
327,0.327,222
604,0.604,113
541,0.541,138
409,0.409,187
475,0.475,146
689,0.689,73
328,0.328,224
410,0.41,169
711,0.711,74
605,0.605,104
542,0.542,115
657,0.657,84
476,0.476,164
329,0.329,176
411,0.411,152
690,0.69,78
330,0.33,187
606,0.606,114
477,0.477,154
543,0.543,119
658,0.658,88
712,0.712,82
412,0.412,163
331,0.331,190
691,0.691,71
478,0.478,150
413,0.413,178
607,0.607,105
332,0.332,180
544,0.544,136
659,0.659,89
713,0.713,64
414,0.414,149
333,0.333,217
479,0.479,165
692,0.692,84
608,0.608,103
545,0.545,131
334,0.334,187
660,0.66,87
415,0.415,166
480,0.48,141
714,0.714,75
335,0.335,198
693,0.693,72
546,0.546,119
416,0.416,163
609,0.609,108
661,0.661,82
336,0.336,201
481,0.481,162
417,0.417,181
547,0.547,137
610,0.61,98
337,0.337,236
715,0.715,76
694,0.694,74
418,0.418,146
482,0.482,163
662,0.662,75
338,0.338,198
611,0.611,104
548,0.548,146
419,0.419,160
695,0.695,86
483,0.483,151
339,0.339,188
716,0.716,80
663,0.663,92
420,0.42,188
612,0.612,113
549,0.549,127
484,0.484,144
696,0.696,85
421,0.421,174
664,0.664,78
744,0.744,76
717,0.717,77
550,0.55,131
613,0.613,106
485,0.485,166
422,0.422,158
697,0.697,51
777,0.777,63
486,0.486,142
614,0.614,106
551,0.551,124
718,0.718,89
745,0.745,57
805,0.805,43
698,0.698,65
487,0.487,139
552,0.552,137
615,0.615,114
778,0.778,58
719,0.719,80
746,0.746,72
488,0.488,152
806,0.806,46
699,0.699,76
553,0.553,133
830,0.83,36
779,0.779,48
489,0.489,145
720,0.72,69
747,0.747,72
700,0.7,78
554,0.554,120
807,0.807,52
490,0.49,148
780,0.78,52
831,0.831,29
721,0.721,66
555,0.555,128
748,0.748,68
701,0.701,75
491,0.491,148
808,0.808,50
781,0.781,40
556,0.556,130
832,0.832,35
702,0.702,77
722,0.722,72
492,0.492,155
749,0.749,64
809,0.809,45
557,0.557,124
493,0.493,146
782,0.782,52
703,0.703,89
833,0.833,37
723,0.723,64
750,0.75,56
810,0.81,45
494,0.494,145
558,0.558,109
783,0.783,52
704,0.704,72
834,0.834,32
724,0.724,64
495,0.495,138
559,0.559,130
751,0.751,61
811,0.811,39
705,0.705,75
784,0.784,50
835,0.835,35
725,0.725,67
852,0.852,28
752,0.752,76
812,0.812,35
871,0.871,12
706,0.706,70
785,0.785,52
726,0.726,58
836,0.836,33
753,0.753,76
813,0.813,37
853,0.853,26
888,0.888,7
872,0.872,24
786,0.786,54
727,0.727,65
837,0.837,34
754,0.754,52
814,0.814,37
787,0.787,47
854,0.854,32
889,0.889,9
873,0.873,21
728,0.728,70
838,0.838,29
755,0.755,61
815,0.815,44
788,0.788,45
890,0.89,12
855,0.855,25
729,0.729,62
874,0.874,18
839,0.839,42
816,0.816,28
756,0.756,54
789,0.789,51
891,0.891,19
856,0.856,20
730,0.73,61
840,0.84,24
875,0.875,22
817,0.817,41
757,0.757,57
790,0.79,49
892,0.892,17
731,0.731,73
857,0.857,26
841,0.841,26
818,0.818,45
876,0.876,17
758,0.758,51
791,0.791,57
732,0.732,63
893,0.893,13
842,0.842,30
858,0.858,18
819,0.819,41
792,0.792,57
759,0.759,57
877,0.877,25
733,0.733,65
894,0.894,13
843,0.843,32
820,0.82,37
793,0.793,46
859,0.859,16
760,0.76,60
878,0.878,19
734,0.734,62
895,0.895,11
844,0.844,38
794,0.794,42
821,0.821,46
761,0.761,68
860,0.86,22
735,0.735,82
879,0.879,13
845,0.845,25
896,0.896,13
795,0.795,52
822,0.822,40
762,0.762,54
861,0.861,29
736,0.736,77
880,0.88,21
796,0.796,40
846,0.846,26
823,0.823,36
897,0.897,21
763,0.763,64
737,0.737,70
862,0.862,19
797,0.797,42
847,0.847,24
881,0.881,16
824,0.824,29
898,0.898,20
764,0.764,71
738,0.738,58
863,0.863,21
798,0.798,55
848,0.848,26
882,0.882,16
825,0.825,34
765,0.765,54
899,0.899,16
739,0.739,66
799,0.799,52
864,0.864,27
849,0.849,27
826,0.826,32
883,0.883,17
766,0.766,49
740,0.74,57
900,0.9,12
800,0.8,33
850,0.85,28
865,0.865,31
827,0.827,39
767,0.767,61
884,0.884,34
741,0.741,58
901,0.901,6
801,0.801,48
851,0.851,25
866,0.866,30
828,0.828,34
742,0.742,60
768,0.768,53
802,0.802,47
885,0.885,18
902,0.902,15
903,0.903,6
829,0.829,36
867,0.867,21
743,0.743,58
769,0.769,55
803,0.803,58
916,0.916,9
886,0.886,19
904,0.904,12
927,0.927,7
868,0.868,36
804,0.804,44
770,0.77,55
937,0.937,0
917,0.917,9
887,0.887,19
905,0.905,13
928,0.928,2
771,0.771,44
869,0.869,18
945,0.945,0
938,0.938,0
918,0.918,14
906,0.906,8
952,0.952,0
929,0.929,0
772,0.772,64
946,0.946,0
870,0.87,21
919,0.919,8
939,0.939,6
907,0.907,10
953,0.953,0
930,0.93,0
773,0.773,54
947,0.947,0
920,0.92,7
959,0.959,0
908,0.908,10
940,0.94,0
774,0.774,54
931,0.931,3
954,0.954,0
948,0.948,2
921,0.921,9
960,0.96,0
909,0.909,11
775,0.775,54
941,0.941,0
932,0.932,4
955,0.955,0
949,0.949,0
922,0.922,3
910,0.91,13
961,0.961,0
776,0.776,49
942,0.942,0
933,0.933,0
950,0.95,0
956,0.956,0
923,0.923,4
911,0.911,7
962,0.962,0
965,0.965,0
934,0.934,10
943,0.943,0
951,0.951,0
924,0.924,7
957,0.957,0
912,0.912,9
963,0.963,0
935,0.935,0
966,0.966,0
944,0.944,0
970,0.97,0
925,0.925,0
913,0.913,5
958,0.958,0
936,0.936,0
964,0.964,0
967,0.967,0
971,0.971,0
926,0.926,4
974,0.974,0
914,0.914,5
978,0.978,0
981,0.981,0
984,0.984,0
968,0.968,0
972,0.972,0
987,0.987,0
975,0.975,0
915,0.915,14
979,0.979,0
982,0.982,0
985,0.985,0
973,0.973,0
988,0.988,0
969,0.969,0
989,0.989,0
976,0.976,0
980,0.98,0
983,0.983,0
991,0.991,0
993,0.993,0
986,0.986,0
990,0.99,0
994,0.994,0
977,0.977,0
996,0.996,0
995,0.995,0
992,0.992,0
997,0.997,0
999,0.999,0
998,0.998,0
1000,1,0
